$begin scanpositions
  nvScan=23
  3474000.d0   3474000.d0       0.000 
  3474000.d0   1737000.d0       0.000 
  3474000.d0   1563300.d0       0.000 
  3474000.d0   1389600.d0       0.000 
  3474000.d0   1215900.d0       0.000 
  3474000.d0   1042200.d0       0.000 
  3474000.d0   868500.d0        0.000 
  3474000.d0   694800.d0        0.000 
  3474000.d0   521100.d0        0.000 
  3474000.d0   347400.d0        0.000 
  3474000.d0   173700.d0        0.000 
  3474000.d0   0.d0             0.000 
  3474000.d0   -173700.d0       0.000 
  3474000.d0   -347400.d0       0.000 
  3474000.d0   -521100.d0       0.000 
  3474000.d0   -694800.d0       0.000 
  3474000.d0   -868500.d0       0.000 
  3474000.d0   -1042200.d0      0.000 
  3474000.d0   -1215900.d0      0.000 
  3474000.d0   -1389600.d0      0.000 
  3474000.d0   -1563300.d0      0.000 
  3474000.d0   -1737000.d0      0.000 
  3474000.d0   -3474000.d0      0.000 
$end
